# Fix print output for fix def1
-0.00100000000000021 -0.0725083886916889 -0.00334787426667943 -0.0039102635105322
-0.00200000000000024 -0.139966218788096 0.000741283717454312 0.00282423725987616
-0.00300000000000027 -0.211136730871364 0.002398329331745 0.000619473379004294
-0.00400000000000029 -0.285603222505979 -0.00192016517356 -0.00373410104880754
-0.00500000000000033 -0.355533800439816 -0.000164288984044724 0.00132110968343375
-0.00600000000000018 -0.426010230452351 0.00128313790410186 0.00240465641792717
-0.00700000000000021 -0.500799517507519 -0.00157895150032027 -0.00242945155338381
-0.00800000000000024 -0.57154719133088 -0.000301119553636721 -0.00037975480163731
-0.00900000000000027 -0.642059978329062 7.27021826441279e-05 0.00399634028080245
-0.0100000000000003 -0.716760027713614 0.000449628974789311 -0.00281726008299041
-0.0110000000000003 -0.78781374419248 0.00187699267270927 -0.00407998603474344
-0.0120000000000002 -0.858666004122927 0.000265598363157228 0.00288669159806513
-0.0130000000000002 -0.931599067515703 -0.00288557642332147 0.00240035270184697
-0.0140000000000002 -1.00350790550808 -7.53635804087334e-05 -0.00282613964778284
-0.0150000000000003 -1.07352461934484 0.00391035032099868 -0.00204138886695613
-0.0160000000000003 -1.14305330775014 -0.000419705086987976 0.00136471887329879
-0.0170000000000003 -1.21395533126575 -0.00498935923690741 0.00229603736795316
-0.0180000000000002 -1.28279614660192 0.00152352654880417 -0.000537978797514684
-0.0190000000000002 -1.3512987900597 0.00386047986943781 -0.00242755630385742
-0.0200000000000003 -1.41824675295972 -0.0023657530475125 0.000191373495081353
-0.0210000000000003 -1.48375182522781 -0.00232748458776834 0.00230268176254651
-0.0220000000000003 -1.54956934988935 0.00286931127358556 -0.000586424160732585
-0.0230000000000003 -1.61347458611126 0.00161539546507481 -0.00320375374902796
-0.0240000000000002 -1.67889969790152 -0.00189226977745452 0.000979763981877016
-0.0250000000000002 -1.73891633316286 -0.00155760311523654 0.00351508789448894
-0.0260000000000003 -1.8005306521739 9.03855493746858e-05 -0.0010228540842895
-0.0270000000000003 -1.85907294180365 0.00234916978837827 -0.00385504334835165
-0.0280000000000003 -1.91650782013616 0.000104110336387422 0.00127948740671908
-0.0290000000000003 -1.9735269859734 -0.00388701194491236 0.00438183243778171
-0.0300000000000002 -2.02767685754692 -0.000510432799307164 -0.000994080534866265
-0.0310000000000002 -2.08230467286946 0.00509450244145301 -0.00462890352082562
-0.0320000000000003 -2.13502203848315 0.0015353091754184 -0.000967809689105189
-0.0330000000000003 -2.18824187968892 -0.00495093992821713 0.00409435714355099
-0.0340000000000003 -2.24045841833254 -0.00171684578468853 0.000981435215058566
-0.0350000000000002 -2.28915194263219 0.00424939166214957 -0.00383696401704066
-0.0360000000000002 -2.3398549723014 0.0022639356718687 -0.00280656181838518
-0.0370000000000002 -2.38801222928516 -0.0038034029732536 0.00333047954857441
-0.0380000000000003 -2.43600160866808 -0.0016233359468315 0.00226810183539606
-0.0390000000000003 -2.48521210350736 0.00300617764919633 -0.00283299492865291
-0.0400000000000003 -2.53472084190499 0.00180814734789282 -0.00301006770710902
-0.0410000000000004 -2.58228535297362 -0.00183695034100278 0.00173212713020216
-0.0420000000000002 -2.62837060283025 -0.00149169762924223 0.00210131260270347
-0.0430000000000002 -2.67694779364002 0.000776933171701957 -0.00131825278924671
-0.0440000000000003 -2.7260525330374 0.00196982802585054 -0.00248374136835579
-0.0450000000000003 -2.77399087084431 0.00104264040715471 0.000274659640341749
-0.0460000000000003 -2.82464680355642 -0.00231790994673397 0.00167505585209053
-0.0470000000000002 -2.87499168901132 0.000208153519440665 -0.000641142185936136
-0.0480000000000002 -2.92709858824176 0.00128295927050965 -0.00026582893723148
-0.0490000000000002 -2.97985056728545 -0.00138891470751074 0.000268900777845705
-0.0500000000000003 -3.03334033037157 -0.000154082634738906 3.57245742814065e-05
-0.0510000000000003 -3.08749219544864 0.000671714296595957 6.78557782015566e-05
-0.0520000000000003 -3.14524898186665 -0.00107985968214107 0.00021582865570748
-0.0530000000000004 -3.20315614469633 0.000409280340176704 -9.63542507821336e-05
-0.0540000000000002 -3.26255541297711 0.000582703934218769 -1.19376548426815e-05
-0.0550000000000002 -3.32662957735751 -0.000217419141413064 -0.00204601187172821
-0.0560000000000003 -3.38988786028982 -0.00106166710360714 0.00130976280181899
-0.0570000000000003 -3.45431997736463 0.00106660609300709 0.000211854880125362
-0.0580000000000003 -3.52461009317412 0.00210351488480537 -0.00384543072838887
-0.0590000000000002 -3.59526181662041 -0.000176190619581641 0.00112703814356222
-0.0600000000000002 -3.66783625360329 -0.00186006702488067 0.00284070752660908
-0.0610000000000002 -3.74454328869147 0.00140955772668819 -0.00327184093076687
-0.0620000000000003 -3.82504702439043 -0.000308997941926152 -0.000192273518978044
-0.0630000000000003 -3.90506655477978 -0.000498903163179878 0.000905738865051263
-0.0640000000000003 -3.98837004748781 0.00124856286709182 -0.00174283206836194
-0.0650000000000002 -4.07502630649092 -0.000464967030525597 0.00108996485862311
-0.0660000000000002 -4.16276584454432 0.000751773612534525 -0.000234570303499435
-0.0670000000000003 -4.25522976842388 -0.000907838345570237 -0.000359872766230091
-0.0680000000000003 -4.34938168771393 -0.000519670680093949 0.000469593195977057
-0.0690000000000003 -4.44606874247647 0.000411223747341441 -0.00032036771238259
-0.0700000000000002 -4.54449356226277 0.000745976042266539 -0.000879648170968204
-0.0710000000000002 -4.64648414980773 0.000719060557871991 -0.00031361819397118
-0.0720000000000002 -4.74973487322999 -0.00202772498240777 0.00119184220367504
-0.0730000000000003 -4.85395127202905 0.000125137295628807 0.000934036503835849
-0.0740000000000003 -4.96174442242158 0.000468229393337444 -0.00132414875848656
-0.0750000000000003 -5.07137115064833 0.00240662243194655 -0.00401254230147477
-0.0760000000000003 -5.17996131650659 -0.000962592518604842 0.002370405420785
-0.0770000000000002 -5.29153095950262 -0.00240137418616009 0.00302143191808016
-0.0780000000000002 -5.40455155592703 0.00205954815223428 -0.00428465500014287
-0.0790000000000003 -5.51436534360253 0.00405637445345798 -0.0018798023186718
-0.0800000000000003 -5.63006857033882 -0.00622430302794655 0.0044211539671166
-0.0810000000000003 -5.74225222104197 -0.00300422907265311 0.0021136786914184
-0.0820000000000002 -5.85395357318771 0.00581404423553384 -0.00433221523520582
-0.0830000000000002 -5.97010250226166 -0.000386578948605647 -0.0029551540564034
-0.0840000000000002 -6.08113974430662 -0.00466350204054174 0.00440926381157694
-0.0850000000000003 -6.19234390459311 0.00194179195792781 -4.91178483095994e-06
-0.0860000000000003 -6.30460168623918 0.00232716606179328 -0.00440958130005078
-0.0870000000000003 -6.41414290697407 -0.00218396338250295 0.00126359868973685
-0.0880000000000004 -6.52119438558562 -0.00385024696370922 0.00608148123858719
-0.0890000000000002 -6.62930383057474 0.00271353062441544 -0.0045443856807819
-0.0900000000000002 -6.73460241817775 0.00400759900774946 -0.00459718337732429
-0.0910000000000003 -6.83576828098137 -0.00410821071791514 0.00566660346144479
-0.0920000000000003 -6.93916859905181 -0.00265342960194229 -0.00078476679337753
-0.0930000000000003 -7.03538277841534 0.00294312827677161 -0.00107225512622084
-0.0940000000000002 -7.13320339521615 0.00191342300668391 0.000545152237842522
-0.0950000000000002 -7.22909176201141 -0.00512875237845014 0.00216640775965862
-0.0960000000000003 -7.31581753280828 0.00214663099516161 -0.00304578725413909
-0.0970000000000003 -7.4035718835131 0.00195105825791308 0.000143268985729848
-0.0980000000000003 -7.48794666381033 -7.58812172109908e-05 0.00111387451930273
-0.0990000000000003 -7.57007673079411 -0.00179308523014977 0.00159548782511051
-0.1 -7.64334217154058 0.00440390281880416 -0.00302286107777784
-0.101 -7.72015332935475 -0.00269336787873742 0.00153909859978639
-0.102 -7.78924517826378 0.000114787029111477 -2.5735106167675e-05
-0.103 -7.8529153016425 0.00194314163143728 -0.000470067227978696
-0.104 -7.91355506252722 0.00029920783779854 0.000717318748924571
-0.105 -7.97121620762823 -0.00234186400147847 -0.000319596218128155
-0.106 -8.02429848515829 6.11378065347067e-05 -0.00114563313481998
-0.107 -8.06490626242508 0.00140698060609352 0.00367858785629297
-0.108 -8.11341398761846 0.00218853433906081 -0.00165558713564019
-0.109 -8.15262986129392 -0.00158568546791587 -0.0025755157937015
-0.11 -8.18642241967699 -0.00596692569258049 0.00498050350108815
-0.111 -8.2148499007156 0.0069004667471183 -0.00462241458029427
-0.112 -8.2410935916721 -0.000397381266865386 -0.000361123700806927
-0.113 -8.26115574670328 -0.00647389889389009 0.00278921538212037
-0.114 -8.27809511873126 -0.00059689694081978 -0.00188892558674207
-0.115 -8.28968838470361 0.00390064510060729 -0.00202300409573747
-0.116 -8.29982791998777 -0.00438250800278266 0.00399755954053975
-0.117 -8.3042190912174 0.00101542120603127 -0.00299270276141866
-0.118 -8.30364530660709 0.000735141208984719 -0.00244615256839624
-0.119 -8.29871550948855 -0.00493157638249789 0.0041863445768717
-0.12 -8.2901018649244 0.00445846772320315 -0.00319097631474341
-0.121 -8.27773531708132 0.00261857365405408 0.000358968328729827
-0.122 -8.2615905736937 -0.00361030194461647 0.00339386824514645
-0.123 -8.24618087928632 -0.00160591245312516 -0.00197229395407551
-0.124 -8.22382084599679 0.00308751232489197 -0.00550366993598136
-0.125 -8.20004871499916 -0.00520128665624377 0.00605789540740565
-0.126 -8.1672399178899 -0.000531260485112771 0.00380700172235448
-0.127 -8.13386237710691 0.0100058505682827 -0.00852651312817271
-0.128 -8.09391232330647 -0.00528602491825302 0.00720524285357731
-0.129 -8.05235540480335 -0.00115486349085793 0.00328751174851945
-0.13 -7.99713985868041 0.00780582598946055 -0.00592674546100423
-0.131 -7.90808604432844 -0.00468854390335385 0.00477222094705836
-0.132 -7.66705836934418 -0.00289765416549658 -0.00113504348917952
-0.133 -6.77451661110032 -0.00171052131290122 -0.00880073984984018
-0.134 -5.04620946190762 -0.00403573609181124 -0.00647119017876658
-0.135 -2.76680126498698 -0.0119146273935586 0.00296262714918889
-0.136 -1.17423504283915 0.00631404957393446 -0.00156825444651013
-0.137 -1.08167909618819 0.00844207400739307 -0.0044991036594409
-0.138 -1.51787404208919 0.00351702903325484 -0.00777165922950153
-0.139 -1.55575071168342 0.00591438773833493 -0.00737351914644271
-0.14 -1.45566801494741 -0.00643847661413087 0.0175968639906669
-0.141 -1.36589684340172 0.00275493124900771 0.000839154328188301
-0.142 -1.18583993564413 0.00281743537250755 -0.00238973591396626
-0.143 -1.06843401499932 -0.00102181510117513 -0.00188403427294133
-0.144 -1.1017189455959 0.00477882067479409 -0.00222945422971131
-0.145 -1.14935045541145 0.0107130633925676 -0.0103448094592971
-0.146 -1.11358032591233 0.00586952000747839 -0.00687838537583015
-0.147 -0.932284514149613 0.00825181026562139 -0.00251383016259495
-0.148 -0.861633685812147 -0.00291797796730264 0.0118049691364745
-0.149 -0.87616115801522 -0.00107295919812768 0.00438466484533131
-0.15 -0.947030741251746 -0.00498266417668901 -0.0014200273071309
-0.151 -0.935122216506805 0.00110303557153513 0.000180454504971466
-0.152 -1.03719307648896 -0.000482600033704604 -0.0120168823784304
-0.153 -1.05605341573408 -0.00502412439480567 0.0119346032254599
-0.154 -1.19725340244047 -0.00119187979453898 0.0068258866901197
-0.155 -1.29086766162175 -0.00957078916614492 0.000964697520157993
-0.156 -1.36487203426516 0.00902721540021871 -0.00649026492084926
-0.157 -1.3479789821389 -0.0113631543166381 0.014769993105768
-0.158 -1.33170087166573 -0.00407678210313371 0.00318663877404641
-0.159 -1.31078982829128 0.0118314674919819 -0.00695595931269199
-0.16 -1.25091261694171 -0.00528459229159038 0.00376475746946886
-0.161 -1.26503924944755 -0.00659271501054429 -0.00118233432158456
-0.162 -1.29364266474518 0.00949208612944809 -0.00928769490599995
-0.163 -1.34326565069131 0.00245722940812562 0.0150717115501223
-0.164 -1.45019888194824 -0.0148613075563081 0.0120322104804891
-0.165 -1.55348769783519 -0.000322832036901593 -0.00475385018192804
-0.166 -1.62624341523882 0.00595232882756368 0.00509202897324585
-0.167 -1.69721179713882 -0.00943562605352435 0.00816265390967776
-0.168 -1.76738241360975 -0.00550006144625186 0.00270497442839483
-0.169 -1.71044212229541 0.0154471562999155 -0.0068428193979235
-0.17 -1.75448821438732 -0.00838749355356412 0.00527577379697278
-0.171 -1.77508011649346 -0.01542789515045 0.0144485435515786
-0.172 -1.87936528697795 -0.000708898255800135 0.00638089797660826
-0.173 -2.0227314659037 0.00350776584601972 -0.010374343994671
-0.174 -2.11017581807504 0.00219911964752063 -0.00332181556945687
-0.175 -2.14645968823096 0.00600490833657785 4.7935316952686e-05
-0.176 -2.22521763627006 -0.0102478246945766 0.00656697439787845
-0.177 -2.29555699156615 0.0011279991944684 -0.00564929029353861
-0.178 -2.35018025203822 0.0091242202078052 -0.00219012039697179
-0.179 -2.39890540232784 -0.00159736366320354 0.00252623260137022
-0.18 -2.4342919160566 -0.00502256428436524 -0.00444212617863612
-0.181 -2.43502053031602 0.00854242006250289 -0.000636726809152481
-0.182 -2.41313269664176 0.00309402499042182 0.0093494826921084
-0.183 -2.37479974114597 -0.0107126805327732 -0.0035003945510713
-0.184 -2.27380592949243 0.0035000305266323 -0.00354867310580807
-0.185 -2.19083986441375 -0.000879564100128929 0.0100269584660079
-0.186 -2.08564784742131 -0.00847156766703248 -0.000864333577758333
-0.187 -1.9102318348882 -0.00613710451704932 0.000191310690610924
-0.188 -1.68303940322638 0.00561873782095406 -0.00192459571757082
-0.189 -1.56968245987426 -0.000324463404163662 -0.00415008940704836
-0.19 -1.48613098660361 0.00280931372166259 -0.00443282032104446
-0.191 -1.53382184497485 -0.00245111050476066 0.00787900958945594
-0.192 -1.61925142014868 -0.0136203761122065 0.0117049254640833
-0.193 -1.70377076718009 0.00148859317226961 -0.00775059260522461
-0.194 -1.81894826830792 0.0136363099749244 -0.0107825492663434
-0.195 -1.94039111303746 -0.00552062288907766 0.0102457518217242
-0.196 -2.02869789552366 -0.0107308320528672 0.00377185378588165
-0.197 -2.03767897081639 0.00637832867438206 -0.00757383293598983
-0.198 -2.02165731526005 0.0108016240564126 -0.00457555548722036
-0.199 -2.03913160837792 -0.00608043086070762 0.00106746363539333
-0.2 -2.04386923440946 -0.00782180992088774 0.00519813253276417
-0.201 -2.03168112077594 0.00523671543816936 0.00231571258773092
-0.202 -2.08468698827651 0.00023367789511711 -0.00366435748593438
-0.203 -2.1151807256667 -0.000171405236269961 -0.00419660273389109
-0.204 -2.11837984792614 -0.00223134588516997 0.00804264686741966
-0.205 -2.09710320601456 -0.00494189631727531 0.00286491784873109
-0.206 -2.15549833235393 -0.00288095799520323 -0.00283038485651813
-0.207 -2.18326905030537 0.00621988011721245 -0.00433211135973821
-0.208 -2.13348179336081 0.00478214014821689 -0.000793517077239871
-0.209 -2.12931865142095 -0.00399246436874618 -8.36101227487758e-06
-0.21 -2.18909891966469 -0.0050501174707253 0.00219550209119118
-0.211 -2.21362401831657 0.00341936786104353 0.00452764722600881
-0.212 -2.26236500690826 0.00387043630553384 -0.00397256881215003
-0.213 -2.3204741958107 -0.00394891636717604 -0.000303711890847038
-0.214 -2.32923862065978 3.63283914829093e-05 0.000972915880415801
-0.215 -2.30315835254609 -0.00181632447578184 0.00155551262614648
-0.216 -2.23115053496399 -0.00176149770219132 -0.0026270752540955
-0.217 -2.16020071479614 0.00294938787994034 -0.00374344629548153
-0.218 -2.10196563326314 0.00157384385020246 0.0017463004496122
-0.219 -2.05584648916176 -0.00276096556505729 0.000511434769414152
-0.22 -1.99503959853228 3.08184351243448e-05 -0.00257904371606047
-0.221 -2.0190591371206 -0.0005733946120519 0.0030865438497513
-0.222 -2.08769907083329 -0.00176632594753636 -0.000695806114833047
-0.223 -2.06390599078154 -0.00315144113872942 0.000872520729729281
-0.224 -2.06147066704359 0.00324832058560934 -0.00328125313579165
-0.225 -2.05689016255614 0.00145547671266255 -0.000438109473533954
-0.226 -2.02570453280724 -0.00202999549583099 0.00145082956214111
-0.227 -2.05027458470466 -0.000969054635709294 -0.0031734596467943
-0.228 -2.11360584868408 0.00463570889820565 -0.00710957267379079
-0.229 -2.07445378447952 -0.00402711086457905 0.00675190269601375
-0.23 -2.03845040521391 -0.0118150036376842 0.00789221076033374
-0.231 -2.12913779127738 0.0131215742111029 -0.0152307907661375
-0.232 -2.2627614203427 0.00850083626239669 -0.0011981648183437
-0.233 -2.24732233125984 -0.01080155787361 0.0122725448316289
-0.234 -2.27576818533647 -0.0124029779944503 0.00382992674760836
-0.235 -2.24339007698266 0.0151042349111553 -0.0120132955416326
-0.236 -2.27670479628798 0.00438671612395866 0.00208397495850074
-0.237 -2.35745458996086 -0.00972140670717581 0.00413425910435768
-0.238 -2.37187326780079 0.00538183698471308 -0.00682153745301472
-0.239 -2.35665585733466 0.00576903347924076 -0.00624751460943355
-0.24 -2.36988889368898 -0.0096918214009737 0.00267374114872475
-0.241 -2.37110334690766 -0.00363393601426085 0.00317032917477081
-0.242 -2.34385611214286 0.00677720156367797 -0.00583987113517857
-0.243 -2.27003509802602 4.08054723419323e-05 -0.00127474404814515
-0.244 -2.13843467098066 -0.0053924690743446 0.00318931103578288
-0.245 -1.95982471740683 0.00216879156826933 0.00019500023588329
-0.246 -1.85670307849276 0.0061052480215716 -0.00654417317243138
-0.247 -1.75734192092948 -0.00494358280558788 0.00170706378055715
-0.248 -1.55586314109427 -0.000897405132516806 0.00139271792522946
-0.249 -1.32979149429553 0.00523126577415388 -0.00637925828184357
-0.25 -1.09074399549702 0.00238352245754124 -0.00348301836200914
-0.251 -0.93669044511443 -0.00943598035158754 0.00933926193673532
-0.252 -0.873366029231731 0.000361757540122923 0.00212462828016886
-0.253 -1.00858296280537 0.00865016036220323 -0.0039506144914428
-0.254 -1.16376371826014 -0.00235229447909585 -0.000134767586932314
-0.255 -1.24057551477853 -0.00305874493969913 0.00719658608164793
-0.256 -1.30151837963912 0.00305730388355854 -5.58160053230715e-05
-0.257 -1.30428649882417 -0.00182913934788548 -0.00135009796781147
-0.258 -1.26762082552399 -0.00254659434368844 0.00301194190943775
-0.259 -1.26264639635622 0.00611486572427262 -0.00316458813055608
-0.26 -1.31463405417126 -0.010123262011008 0.00786234343895637
-0.261 -1.32344034659784 0.000842320688545918 -0.00194870623327669
-0.262 -1.31262333707679 0.00575742875670102 -0.00148766028307088
-0.263 -1.3329394748163 -0.00827392421261535 0.00990691571184702
-0.264 -1.42184987808519 0.00166118209635764 -0.00368888916167757
-0.265 -1.56873838425197 0.00346613208446147 -0.00436847810047769
-0.266 -1.67877393319559 -0.00462026933027603 0.00747437081838438
-0.267 -1.70452061251504 -0.00487436067291947 0.00197906433011362
-0.268 -1.65783709506253 0.0056816169657374 -0.00740096014892856
-0.269 -1.56342451974097 -0.00318538833056071 0.00428727649319424
-0.27 -1.47804924216542 -0.00171283225245959 0.0031659022701451
-0.271 -1.4848017111952 0.00566284382962899 -0.00602666817615833
-0.272 -1.55860940144907 -0.00520695111752859 0.00595757937386166
-0.273 -1.67113656746497 -0.000166629536369939 0.00213897323479325
-0.274 -1.76252482230149 0.00485037704319245 -0.00697117347354196
-0.275 -1.81880166115785 -0.0049946751578756 0.00324081950856602
-0.276 -1.85717907259161 -0.00144792458562633 0.00468175097612753
-0.277 -1.8873952442758 0.00416577317294967 -0.00619125260092311
-0.278 -1.8819029238645 -0.00951900400447327 0.00768088920123955
-0.279 -1.85659012068321 0.00478432013691706 -0.00110953158978324
-0.28 -1.82554683909365 0.00168670281273248 0.000786876465781077
-0.281 -1.81814618822925 -0.00772891214198428 0.00497609047216254
-0.282 -1.85173670490077 0.00455619187386831 -0.00114554196807647
-0.283 -1.9653603386632 0.0050013618930708 -0.00126670027832373
-0.284 -2.12057948960133 -0.00602496770269409 0.00322836042719389
-0.285 -2.23126382361063 0.00218996763873471 -0.00170592807887878
-0.286 -2.30758080018713 0.00348170091329945 -0.00128091963116511
-0.287 -2.2911955091217 -0.00791644600195043 0.00322319555027877
-0.288 -2.22243709496342 0.00602347495784325 -0.00516690859877954
-0.289 -2.19661621681733 2.76041192943054e-05 0.00366164710949963
-0.29 -2.14292025063757 -0.0052069174949255 0.0034258339871173
-0.291 -2.1637416502307 0.00888807673295891 -0.0118893302155182
-0.292 -2.20041663315407 -0.00209733394476091 0.00339891350763726
-0.293 -2.23831120111854 -0.00376286555626717 0.00717785697815356
-0.294 -2.28476908437029 0.00664652440609675 -0.0110319521242371
-0.295 -2.27685010890566 -0.00576091797910637 0.00607442006055212
-0.296 -2.25462292962997 -0.000408574916430314 0.00568756861487766
-0.297 -2.26780769793799 0.0052953982475106 -0.00632230886793663
-0.298 -2.31205084475295 -0.00961002760603802 0.00408001108472313
-0.299 -2.36325034132001 0.00197145787933992 -0.00193739394509393
-0.3 -2.44015088625276 0.00531019807431877 -0.00117516762601174
-0.301 -2.49651290358384 -0.00739594671612462 0.00588095921104683
-0.302 -2.49640443153352 -0.000231498273656306 -0.00250350766496355
-0.303 -2.45299361524497 0.00608773982574509 -0.00533881326191122
-0.304 -2.38603613304699 -0.00558821073619381 0.00752124575793467
-0.305 -2.32190032006626 0.000535956751185505 -0.00123157490385759
-0.306 -2.32917035728286 0.00318304278043869 -0.00686441138138288
-0.307 -2.38170651677506 -0.00265791876714885 0.00304845682877817
-0.308 -2.35663874869856 0.00395868513792126 -0.00411074931982343
-0.309 -2.22595293403416 -0.000385731530830906 -0.00246467213089503
-0.31 -2.10942653943045 -0.00133243909310157 5.82859842143495e-05
-0.311 -1.99093821005534 0.01490955502602 -0.0121324074095434
-0.312 -1.89727196207901 0.00506078505586361 -0.00117880102942057
-0.313 -1.82498983501647 -0.00214726098443021 0.00104460520152163
-0.314 -1.70542098816978 0.00871492068717736 -0.00858677946191898
-0.315 -1.63006330235933 -0.00379887304443416 0.00643516412019571
-0.316 -1.70537984018826 -0.00326322428421413 0.00227257196972785
-0.317 -1.83623096486941 0.00234861422918726 -0.00802396151041094
-0.318 -1.94101641535831 -0.00444682192341674 0.00337435927129087
-0.319 -1.97554997813023 -0.000785793140810703 0.00114980502986632
-0.32 -2.04889699825718 -0.00149387320840256 -0.00116238620135332
-0.321 -2.01315389618174 -0.0100653210250434 0.00591702468367508
-0.322 -1.92861671982797 0.00519267510614074 -0.00281859297647375
-0.323 -1.82586065509033 -0.00124269166395719 0.00745241393500661
-0.324 -1.75465811511741 -0.00206343165275426 -0.00138521675139541
-0.325 -1.71499787106968 -0.00129604597747832 1.89130120891516e-05
-0.326 -1.69307314509703 0.00420638189876163 -0.000175611774158057
-0.327 -1.56771372573959 -0.00276889030297697 0.00517295749353842
-0.328 -1.47887940593063 -0.00314979242479045 -0.00333969724541647
-0.329 -1.38095594358176 0.0089570543861892 -0.00575116183792593
-0.33 -1.39405414974303 -0.0037420440513319 0.00951778570215944
-0.331 -1.33857774658454 -0.000655349960326899 -0.00598485442322088
-0.332 -1.34944134720611 0.00139454501649856 -0.000471443079332553
-0.333 -1.44916201306686 -0.00133722874188608 0.0111332939830003
-0.334 -1.64175064829391 0.00835295182725178 -0.0143065454094587
-0.335 -1.84776513512111 -0.00800145458148552 0.00196985950182767
-0.336 -1.9738742594018 -0.0051526046804385 0.0107833890460459
-0.337 -2.1025938953529 0.0162233542645014 -0.0164880159770744
-0.338 -2.21907137654285 -0.00870958074502167 -0.00010613405710472
-0.339 -2.3002050965364 -0.00688381472012966 0.0148441570247509
-0.34 -2.39039962185562 0.0154705019896538 -0.0166673493847299
-0.341 -2.49158814672939 -0.00233889699071016 -0.000761741823733672
-0.342 -2.6310898712214 -0.00636680213814911 0.0137086882474915
-0.343 -2.78578199197731 0.0129392395837296 -0.0144406033536525
-0.344 -2.87315479219532 0.00159194543515652 -0.00782506190522299
-0.345 -2.96646090338385 -0.0128905787587192 0.0147715918421264
-0.346 -3.08404709171918 0.0186505981012766 -0.0110467065348243
-0.347 -3.1808160185149 0.0049585818681622 -0.00641415060301195
-0.348 -3.26468776802438 -0.0239449874199914 0.0215953348452554
-0.349 -3.40361810401071 0.0159733735884483 -0.00998402456013931
-0.35 -3.51350213478596 0.0101276945040569 -0.00609029354722189
-0.351 -3.61723604345107 -0.0159989251541939 0.0113740929271616
-0.352 -3.69849359264011 -0.00150930098495853 0.00285367941735687
-0.353 -3.75315154221385 0.0137114720296872 -0.0112269865142915
-0.354 -3.82185446982547 -0.012495360632815 0.00885323222275298
-0.355 -3.90044881892397 -0.00717423543512087 0.00152546208615758
-0.356 -3.99619471161472 0.0159961375528997 -0.0121453373662682
-0.357 -4.06721789717561 -0.000839194235259769 0.00426668735407144
-0.358 -4.21801850563162 -0.012945231784725 0.00492845156636861
-0.359 -4.38819363662958 0.0117692242400857 -0.00996089990323564
-0.36 -4.51238111255271 -0.00029768319162403 0.00756613760469227
-0.361 -4.68448217880834 -0.00678904796858108 0.00566058182183133
-0.362 -4.78302773444187 -0.00240867582092416 -0.00597647264015446
-0.363 -4.79574706949948 0.000936775520088991 0.000246905670618927
-0.364 -4.74480601563958 0.00550830256265781 0.0035487302349951
-0.365 -4.65880956721062 -0.00434047036249248 0.00131711424072319
-0.366 -4.46183391481141 -0.0039079028045952 -0.00188400651022383
-0.367 -4.14576411123027 0.000920178068596389 0.00704060831574153
-0.368 -3.81149323037256 0.00487487336543912 0.00072071455400978
-0.369 -3.48056630769081 -0.0151148377821088 0.00276749809284589
-0.37 -3.38942074779261 0.00285877856552174 -0.00855128999515097
-0.371 -3.3236376524557 0.00783200447521759 0.000697420397240121
-0.372 -3.32333274347269 -0.00650179127151971 0.00540690767725508
-0.373 -3.42154885651835 0.0158484835959338 -0.01529555798273
-0.374 -3.5711199996549 -0.00934966821490335 0.0168144643754577
-0.375 -3.7539484323655 0.00595695500797333 -0.00820355898271358
-0.376 -3.79414722582477 0.00202963968298305 -0.0070335992767698
-0.377 -3.81760352401025 -0.0116367177681798 0.0178567330885953
-0.378 -3.8645054884755 0.0163920003813061 -0.0102295945532603
-0.379 -3.86265676518564 -0.0132235684637021 0.0039699738357043
-0.38 -3.89803669303902 -0.00224226697656695 -0.00155544566001258
-0.381 -3.95103549786944 0.0140639450245345 -0.00591641485120461
-0.382 -3.85499420571408 -0.020327970764816 0.00889719960312663
-0.383 -3.58515257226209 0.00839298826673483 -0.00328869716254976
-0.384 -3.32324013150053 -0.00687545992600561 0.010620049699308
-0.385 -3.08740143769031 -0.00795290808725949 0.00103986467787913
-0.386 -2.90266280698306 0.00484105541445874 -0.000845688141964216
-0.387 -2.84661689220735 -0.00900290466289572 0.00765078047147967
-0.388 -2.90589785625901 0.010344402057024 -0.010683187293164
-0.389 -3.08768921241955 -0.000498784936692851 0.0045104483333627
-0.39 -3.19615705626496 0.00243187345309565 -0.00281555656701469
-0.391 -3.33464334462628 -0.0086306249585336 -0.000731844746749157
-0.392 -3.40033925129318 0.00480582665893315 -0.00320853225308234
-0.393 -3.43823140947668 0.00359661870590189 0.00378573294115929
-0.394 -3.4290477736968 -0.00977418951834876 0.00388214862231488
-0.395 -3.34667840980977 0.014484706692521 -0.00997340637464477
-0.396 -3.16917360523026 -0.00756654796144765 0.00921378667642893
-0.397 -3.12526749325359 0.00136133548490652 -0.0104634682178463
-0.398 -3.10392531540832 0.000325984372803918 0.00350114886787119
-0.399 -3.1069276767682 0.00435201710761175 -0.00648275209799272
-0.4 -3.1852347132061 -0.0017000156211272 0.00303227569783768
