# Fix print output for fix def1
0.000999999999998893 0.0675355879576668 0.0118088910208531 0.0174139089036267
0.00199999999999883 0.134252856193831 -0.0175022160298678 -0.00766291073294505
0.00299999999999878 0.209826557322291 0.0141421254846955 0.0225621016504306
0.00399999999999907 0.271230463499546 -0.0123415666416927 -0.0323939871100922
0.00499999999999901 0.366293079646913 -0.00642808893466041 0.0296610768817771
0.00599999999999895 0.380559434393963 -0.046152377837586 -0.0274549199988949
0.00699999999999889 0.473744327866776 0.0204672274101315 -0.00488736468294056
0.00799999999999883 0.524466794804594 -0.0142354134871085 -0.00749493504057512
0.00899999999999877 0.62452304895138 0.0407037770756421 0.00323827803885888
0.00999999999999907 0.636967594371496 -0.0150400797688003 -0.018156036597136
0.010999999999999 0.708006386580509 -0.035285874313514 0.0271433456061586
0.0119999999999989 0.754624450347037 -0.0126847480464859 0.0491780233663326
0.0129999999999989 0.822823763932711 -0.0046921459230593 -0.0145973459490833
0.0139999999999988 0.902376879703585 0.00748095800917834 0.00736735868087267
0.0149999999999988 0.930421701804948 -0.049621824710008 -0.0233142881638797
0.0159999999999991 1.05468415060733 -0.00563635921681964 0.0299933907981009
0.016999999999999 1.06431731875838 -0.017798403550911 -0.0256857770947601
0.017999999999999 1.16522972880518 0.0297734238821173 0.0210618330109401
0.0189999999999989 1.19239575900073 0.00806377528304211 -0.0168069155426739
0.0199999999999988 1.25191451273656 -0.0180397367693909 0.00258640422335144
0.0209999999999988 1.36188972261097 -0.00216302294958719 0.0431082418903399
0.0219999999999991 1.38253453541382 -0.0526095419914278 -0.0449928287282828
0.022999999999999 1.49312080146408 0.0627043148778063 0.0422134080449397
0.0239999999999989 1.50951882410144 -0.0370735621805558 -0.0549750282903051
0.0249999999999989 1.61177514074112 0.0594712934562205 0.0484339853892122
0.0259999999999988 1.6501452135923 -0.0347781997644577 -0.00961386621011993
0.0269999999999988 1.71592333233293 -0.0199294075576559 0.000618429279496142
0.0279999999999991 1.80847648358959 0.0281304003289567 0.00576333992462273
0.028999999999999 1.816769121853 -0.00489087815959515 -0.0263648109582005
0.0299999999999989 1.88876730142245 -0.0240713312707154 0.0237125389588094
0.0309999999999989 1.96442211307273 -0.0172449526045935 -0.000399372228374049
0.0319999999999988 2.01956321013962 -0.0182081087373702 -0.0385084808715942
0.0329999999999988 2.12850153334941 -0.00810365704654535 -0.00385028393708958
0.0339999999999991 2.17801478411498 0.0239856845291221 0.0394318798967537
0.034999999999999 2.19093913174711 -0.0347316029976107 -0.00265059977902429
0.0359999999999989 2.28473602944659 0.0223423400129056 0.0173940301757075
0.0369999999999989 2.31172006473475 0.00512512176356068 -0.0452774476297584
0.0379999999999988 2.42844440818131 0.0207070817103891 -0.00325263728236005
0.0389999999999988 2.46068534590975 0.00404427771561579 0.00728028863331473
0.0399999999999991 2.51307780385532 -0.00866855584685031 0.00548144180952945
0.040999999999999 2.58369296174069 0.0217205628001452 0.0657846175554861
0.0419999999999989 2.61591970918516 -0.0116966121325265 -0.0502206553231895
0.0429999999999989 2.71955787835039 0.0490036531964968 0.0213131890080939
0.0439999999999988 2.7317486837823 -0.015340145210049 0.00313021972815423
0.0449999999999988 2.82954293241992 0.00470479261924051 0.034713799948739
0.0459999999999991 2.86965186119668 0.0183221563402678 -0.00380043451228053
0.046999999999999 2.91436206878081 -0.0234130532836093 -0.0370555299345341
0.0479999999999989 3.01337128812455 0.0395431190296854 0.0282542371603382
0.0489999999999989 3.04226663954277 -0.0109855378498416 -0.000858246631928855
0.0499999999999988 3.0935311318975 -0.0281111964393947 0.0202842712551801
0.0509999999999988 3.1985103197471 -0.00773026400417727 -0.00143425496997794
0.0519999999999991 3.22112448448877 0.00396247080154961 -0.0112612295889898
0.052999999999999 3.29578742686443 0.000753995553421464 -0.0264784834035688
0.0539999999999989 3.35901561442265 -0.0212796697620552 0.0219256221352744
0.0549999999999989 3.39444680429292 0.00571149216831272 0.0089142753399595
0.0559999999999988 3.47396739964845 0.0307085511646176 0.00804714308591814
0.0569999999999988 3.53105274530075 -0.00219085747356468 -0.0101021306604642
0.0579999999999991 3.60759418920726 -0.0127305120022054 0.0140535841846686
0.058999999999999 3.64341538356821 -0.0194453286972257 0.0217277220585088
0.0599999999999989 3.71684271078029 0.000770166530041521 -0.00937096682684642
0.0609999999999989 3.7286216875547 0.0135136911037979 -0.0316386624471448
0.0619999999999988 3.80879370196686 0.0189406081815103 -0.00939994686180392
0.0629999999999988 3.88840060540584 -0.00377489993846827 0.0215870464149175
0.0639999999999991 3.92096959435039 0.0202220673120883 0.0366616239955515
0.064999999999999 3.97978582128266 -0.0312917699940201 -0.016299150220889
0.0659999999999989 4.03951987439261 0.0297437595656359 0.023129520130695
0.0669999999999989 4.10330496009828 -0.0288144057011679 -0.0271536092947222
0.0679999999999988 4.18319970574649 0.0576452568860578 0.011116185834764
0.0689999999999988 4.20679394512686 -0.0169943626702449 -0.0279365614798776
0.0699999999999991 4.28907134636974 0.0176645177027948 0.0298743981177845
0.070999999999999 4.31931824291114 -0.0104251299352746 -0.0294314443682084
0.0719999999999989 4.40636867924156 0.0269689428884519 -0.0285309121226181
0.0729999999999989 4.44724272855772 -0.00211449995177468 -0.0149257177506739
0.0739999999999988 4.48647824929169 -0.0561939346049397 -0.00377001915772248
0.0749999999999988 4.59237298854066 0.0294278442042026 0.0391978767700291
0.0759999999999991 4.60183077334452 -0.0254687276844686 -0.0169624040464944
0.076999999999999 4.7146749741326 0.0323662280254875 0.000270480959525414
0.0779999999999989 4.69521122262104 -0.0182514217430038 -0.0250012768786919
0.0789999999999989 4.7862666879938 -0.014858668347265 0.00581761360968526
0.0799999999999988 4.86637018753807 0.0302957691252374 -0.00467937258111871
0.0809999999999988 4.88566157131226 -0.0125352353724362 -0.00783496432210531
0.0819999999999989 4.98758757210362 0.0292075539918036 0.0198878387756606
0.082999999999999 5.0116779679355 -0.0232344137226375 -0.0224227634104368
0.0839999999999989 5.06781801479636 0.00220472930111082 -0.0236512618511103
0.0849999999999989 5.11522682415196 0.0487224383303337 0.0155420231725354
0.0859999999999988 5.16881602936282 -0.0370755191681823 -0.0100323501845523
0.0869999999999988 5.25672514396485 0.0299745490065084 0.0636416119803653
0.0879999999999989 5.24589716687968 -0.0606705501829122 -0.0423464699643622
0.088999999999999 5.35198783837275 0.0563925052650282 0.0225902184535591
0.0899999999999989 5.36396074764068 -0.0101254412628241 -0.0214191357985876
0.0909999999999989 5.43864373512461 -0.0168008805232376 -0.0370761680758838
0.0919999999999988 5.50287699813598 0.0124971706467778 0.0544515102969088
0.0929999999999988 5.51823906720444 -0.0609839392550279 -0.0607866521314574
0.0939999999999987 5.61132738698445 -0.017119985453883 0.0769119976882613
0.094999999999999 5.65295312391526 -0.0133813134960003 -0.00297123605151799
0.0959999999999989 5.7224757282249 0.0228665826660003 -0.0390376920965409
0.0969999999999989 5.80616451327208 0.0668504499108208 -0.000100308633393349
0.0979999999999988 5.84384842807959 -0.013098473912496 -0.0213235756985211
0.0989999999999988 5.93833645483555 0.0482232860830761 0.0837298785551672
0.0999999999999989 5.90027688106326 -0.0817006410170148 -0.0305756042611495
0.100999999999999 6.01065234237633 0.01924847550386 0.0521411990153989
0.101999999999999 6.03625439535452 -0.00033929432076737 -0.0624773420396876
0.102999999999999 6.15920207845278 0.0758787392093514 0.0543063877094309
0.103999999999999 6.10575157860569 -0.057406405612414 -0.0358451113622521
0.104999999999999 6.22836828691359 0.0501893662147207 0.0371810100336459
0.105999999999999 6.25529617878127 -0.0454892958586578 0.0188053860485587
0.106999999999999 6.28806290920873 -0.00628373969110644 0.00163248443438245
0.107999999999999 6.35312872763415 0.0424670056690655 0.00177408871416139
0.108999999999999 6.38724001477858 -0.0375833563377546 -0.0992626563192324
0.109999999999999 6.50709216637651 0.0958749037115201 0.0511184242962483
0.110999999999999 6.44544642687145 -0.0790541810059239 -0.0691321791390374
0.111999999999999 6.56164120287193 0.0659649180545762 0.0154917255198249
0.112999999999999 6.60326511943426 -0.0149111571522499 0.0205781976378595
0.113999999999999 6.65641236111785 0.0139608851055442 0.0107976613550522
0.114999999999999 6.68299372403783 -0.00221535050323387 0.0123881007912924
0.115999999999999 6.72602729429314 -0.0381287987670496 -0.0582778360073335
0.116999999999999 6.87746682332949 0.0496099017810091 0.0534556823057914
0.117999999999999 6.85676427047173 -0.0167156734781286 -0.0408886367053179
0.118999999999999 6.91052453203548 0.0605503616214448 0.054001763966707
0.119999999999999 6.87946717094636 -0.0612893493195513 -0.0361725492635863
0.120999999999999 6.98259914535271 0.0677342930821083 0.0494513536254885
0.121999999999999 7.00907095403985 -0.0195197458126073 -0.0402733760753856
0.122999999999999 7.0942288711243 0.0150537928433898 0.0314069806343289
0.123999999999999 7.13534154934141 -0.0400458209751471 -0.0183519785939641
0.124999999999999 7.17090292314543 0.0274713164404004 -0.00894555025002272
0.125999999999999 7.20258737395042 0.0354255778655673 0.00343099778842357
0.126999999999999 7.1858733080699 -0.0616597412633435 -0.0202780883503697
0.127999999999999 7.35833733881514 0.00434733579867571 0.104291837204321
0.128999999999999 7.36705053498757 -0.0625742517285047 -0.00995341820338139
0.129999999999999 7.37947856351036 0.0360136233766785 -0.028713753089011
0.130999999999999 7.47954486192791 0.051384826650257 0.0217246577938718
0.131999999999999 7.42981468057071 -0.0425948973786148 -0.0781311351576482
0.132999999999999 7.5719339116628 0.0786141903247028 0.0676892783132314
0.133999999999999 7.5126164849066 -0.0808624384766581 -0.0100605763898885
0.134999999999999 7.61927909016392 -0.0175710798180568 0.0853924994065144
0.135999999999999 7.55964345964794 -0.0506162412368815 -0.0741123092519381
0.136999999999999 7.69011214813208 0.106806753493331 0.0329759217844053
0.137999999999999 7.64997506162573 -0.0306501833358656 -0.0552564631489248
0.138999999999999 7.73405077050187 5.02739487291304e-05 -0.00820279040754114
0.139999999999999 7.78507708374424 0.0117076704725839 0.0499661981789016
0.140999999999999 7.78887693081622 -0.0666545012208244 -0.00327701184755374
0.141999999999999 7.78494163276366 -0.0302426353835877 0.0115712076141381
0.142999999999999 7.84919278456885 0.0140305767882379 0.0136231314384764
0.143999999999999 7.84208380576161 -0.0176556759035959 -0.0456145055812154
0.144999999999999 7.87864412970817 0.0697683448142643 0.0198055046849712
0.145999999999999 7.81940501618288 -0.0208706336221421 -0.0768911608081596
0.146999999999999 7.90126939461026 0.0133635176935597 -0.0210521856927604
0.147999999999999 7.89121478103623 0.0353783453461476 0.0447427157472918
0.148999999999999 7.81343473386049 -0.0400942592286489 -0.032753739666494
0.149999999999999 7.71571386007975 0.0226675294715557 0.0681534167194649
0.150999999999999 7.38196333842967 -0.0943432952733955 -0.061008886535974
0.151999999999999 7.16062171467702 0.0241632743483395 0.0232099723933934
0.152999999999999 6.65965745515505 -0.00576200622712388 -0.0852634998471057
0.153999999999999 6.10601192186925 0.0769065247948235 0.0571979833568085
0.154999999999999 5.21726510104843 -0.0474487522536176 0.017100297216014
0.155999999999999 4.40893311282348 -0.0269092934817081 -0.0249828768111164
0.156999999999999 3.89727303847758 0.0434870832199155 0.0821905018677745
0.157999999999999 3.38204888791256 0.00182277766474693 -0.114076391883933
0.158999999999999 3.12166322363565 0.125179733699898 -0.0248578564095611
0.159999999999999 2.91485229631771 -0.0163948201473738 0.0166726996284142
0.160999999999999 2.88181075516155 -0.0490933504669773 0.0222844971078796
0.161999999999999 2.80938111204967 0.0428215491103458 0.0147424470053282
0.162999999999999 2.65378456980707 -0.0772160375170177 0.0108331054543776
0.163999999999999 2.4887547358763 0.0995698479528085 0.0215629069732735
0.164999999999999 2.25686346818256 -0.0466497458575927 -0.0858171938518823
0.165999999999999 1.96215853472105 0.0423063925078491 0.0755862368668867
0.166999999999999 1.82230383950273 -0.0463906932332679 0.0143413966378252
0.167999999999999 1.69318836863453 0.0248817284402854 -0.018244244881381
0.168999999999999 1.71955054050678 -0.0466408338952667 -0.0508036032300346
0.169999999999999 1.70683293360796 0.0832116282256753 0.0242791399984736
0.170999999999999 1.49682180686987 -0.0454110753963373 -0.0468773475623742
0.171999999999999 1.64847261307856 -0.0286092056872132 0.115680447900071
0.172999999999999 1.56850059231141 -0.0286484016539262 0.00961643257366656
0.173999999999999 1.47882857203546 -0.00612150595871858 0.0120849852893181
0.174999999999999 1.56810105900495 0.0601036230807914 0.0217737814919395
0.175999999999999 1.49649283723842 -0.0856954518540805 -0.123305586758706
0.176999999999999 1.63127694794421 0.11801452490014 0.103470138849594
0.177999999999999 1.46170270112909 -0.0900654772324715 -0.0887189390969076
0.178999999999999 1.5817294442909 0.0173737027280555 0.0298993912891773
0.179999999999999 1.60334448106684 0.00894724490043699 0.0657024347883036
0.180999999999999 1.48221899546653 -0.0777374646408681 -0.120093468523882
0.181999999999999 1.66495347663805 0.126472112603651 0.0930238048221566
0.182999999999999 1.49804551692183 0.0181596283362608 0.000207883430747131
0.183999999999999 1.51477103216642 -0.062112560402177 -0.0574406602307906
0.184999999999999 1.55901897454711 0.0799611095209396 0.0105241413766439
0.185999999999999 1.5012286225716 -0.0662656973616023 0.00852911555705182
0.186999999999999 1.49362774921725 0.0575565132720075 0.0741994631811904
0.187999999999999 1.3741898114956 -0.0519458983605169 -0.151524859780248
0.188999999999999 1.48520383365066 0.0419769744895722 0.0952986692648718
0.189999999999999 1.43817243037423 0.0362488948130349 -0.0065716753314354
0.190999999999999 1.40210221694924 -0.00616271633342342 -0.115230124843264
0.191999999999999 1.48444098037458 0.0440798325069645 0.141014016667238
0.192999999999999 1.37728057904454 -0.154071230466445 -0.0786278616825442
0.193999999999999 1.62125082488252 0.145278268911712 0.126858344661307
0.194999999999999 1.38455184456921 -0.0299768995782662 -0.0720114909124672
0.195999999999999 1.43711571289981 0.0706685140818229 0.0106090841297639
0.196999999999999 1.62973734455938 -0.0643544320976802 0.0940899902746605
0.197999999999999 1.53722208273516 -0.111806302172627 -0.0368699039700679
0.198999999999999 1.67610566301383 0.0899552625216862 0.0455312720006674
0.199999999999999 1.65220197771435 -0.0499358187845187 0.00821764537868048
